10100100000001000000000000000001
10100100000001010000000000010000
10100100000000100000000001000000
10100100000000010000000000100000
10100100000000000000000001000000
10100100000000010000000000110000
00000000000000000000100000000000
00001100000000100000000000000000
00101100010000110000000000000001
01100100100000110000000000000010
00000000001000100000100000000000
01010100000000000000000000000001
00000000001000100000100000000010
00000100010000100000000000000001
01000100101000101111111111111001
01010100000000001111111111111111
